radius:450
shots_delay:800
cost:10
shot_speed:1.0
damage:7, 0.5714285714285714, 0.14285714285714285, 0.14285714285714285, 0.0, 0.14285714285714285
